0       92.71972222222223   52.09055555555556
0       93.02194444444444   52.23805555555555
1       93.45472222222223   52.25583333333334
0       93.01166666666667   52.25944444444445
1       92.41638888888889   53.03444444444444
0       92.06833333333333   53.10722222222223
0       92.44361111111111   53.12416666666667
0       92.22555555555556   53.13527777777778
0       92.90666666666667   53.14722222222222
0       92.94444444444444   53.19166666666666
0        92.2363888888889   53.20027777777778
0       92.84444444444443   53.22416666666667
0       92.59694444444445   53.23861111111111
1       92.41805555555555   53.24027777777778
0       92.81305555555555   53.24388888888889
1        92.4961111111111   53.24444444444445
1       92.44694444444445   53.26694444444444
0        92.3786111111111   53.27611111111111
0       92.33999999999999   53.31444444444444
0       92.18694444444445   53.31972222222223
0                  92.625   53.32583333333334
0       92.46583333333334   53.34583333333334
0       92.19500000000001              53.385
0       92.30777777777777   54.18805555555555
0       92.10083333333333   54.21277777777778
0       92.32833333333333   54.23583333333333
0       92.56555555555555   54.25305555555556
0       92.06305555555555   54.29305555555555
0       92.63944444444445   54.32138888888889
0       91.94416666666667   54.33111111111111
0       92.36055555555555   54.35694444444444
0       92.13416666666667   54.36972222222222
0       91.99388888888889   54.38944444444444
0       91.94472222222223   54.42416666666666
0        92.0761111111111   54.44055555555556
0       92.67555555555556   54.44083333333333
0       92.54972222222221   54.44499999999999
0       92.23694444444445             54.4875
0       92.37777777777777   54.50527777777778
0       92.06027777777777   54.53444444444444
0       92.53333333333333   54.54361111111111
0       92.33055555555555   54.54555555555555
0                 92.1575   54.55527777777777
0       92.24277777777777   54.56138888888889
0                   92.44   54.56222222222222
0       91.91805555555555   54.59083333333334
0                  91.965   54.69722222222222
0                  92.015             54.7275
0       92.14250000000001   54.74222222222222
0       92.10194444444444   54.76805555555556
0       91.97583333333334   54.78055555555555
0       91.88055555555555   54.78083333333333
0       92.14833333333334   54.95527777777778
0       92.52055555555556             55.0375
0       92.65611111111112   55.10111111111111
1       92.18055555555556   55.17777777777778
0                  91.035   55.18305555555555
1       95.76027777777777             55.1875
0       91.05833333333334   55.19194444444444
0       91.68527777777778   55.19916666666666
1                 91.8875   55.20083333333334
0       91.09888888888888   55.21361111111111
0                  91.965   55.22444444444444
0       91.63194444444444   55.23277777777778
0       92.34194444444444   55.23611111111111
1       91.18694444444445   55.24694444444444
1       90.83222222222221   55.26277777777778
1       91.03777777777778   55.26916666666666
0       91.50138888888888   55.28666666666666
0       95.36749999999999   55.28972222222222
0       95.49472222222222   55.30277777777778
0                 91.6875   55.30694444444444
0       91.45194444444445   55.32305555555556
0       91.73555555555555   55.32583333333334
0       91.52444444444444   55.34305555555556
0       91.14972222222222   55.35361111111111
1       92.08833333333332   55.35444444444445
0       91.86388888888888              55.355
0       91.24638888888889   55.35805555555556
0       91.03999999999999   55.35888888888889
0       95.67222222222223   55.36388888888889
0       90.87222222222222   55.36555555555556
0       95.61611111111111   55.37638888888889
1       91.33472222222221   55.37777777777778
0       95.77638888888889   55.38027777777778
0       90.70944444444444   55.38972222222222
0       90.82222222222222   55.39583333333334
0       95.89222222222223   55.39916666666667
0       90.99416666666667   55.40777777777777
0       95.66333333333334   55.40805555555556
0       95.20222222222222   55.43444444444444
0       95.80833333333334   55.44194444444444
0       95.59416666666667   55.44444444444444
0       96.02472222222222   55.44555555555555
0       91.96388888888889   55.44611111111111
0       95.54527777777777   55.44694444444444
0       95.22777777777777   55.44833333333333
1       91.35138888888888   55.45166666666667
0       95.85388888888889   55.45611111111111
0       95.32777777777777   55.45777777777778
0       91.85416666666666   55.46777777777778
0       91.15055555555556   55.47194444444445
0       95.44944444444445   55.47777777777778
0       95.38388888888889   55.48111111111111
0                 91.2625   55.48638888888889
0       95.72833333333334   55.48722222222222
0                 95.4325   55.49944444444444
0       91.03611111111111   55.50111111111111
0       91.56833333333333   55.50222222222222
0        95.8863888888889   55.50416666666667
0       91.12249999999999   55.50888888888889
0       91.54833333333333   55.51555555555556
0       91.45916666666668   55.52305555555555
0       90.91250000000001   55.52611111111111
0       95.81416666666667             55.5475
1       92.98138888888889   55.55055555555555
0       91.38055555555555   55.55888888888889
0       95.66277777777778   55.56138888888889
0       95.38027777777778   55.56583333333333
0                  91.165   55.57833333333333
0       95.37944444444443   55.57888888888889
0       95.09861111111111   55.59194444444444
0       91.08083333333333   55.59305555555556
0       91.57027777777778   55.60027777777778
0       95.58805555555556   55.60444444444445
0       95.34805555555555   55.61055555555556
0       95.77416666666666   55.63527777777778
1       95.37944444444443   55.63722222222222
0       95.45333333333333   55.64333333333333
1       93.06833333333333   55.66361111111111
0       95.50527777777778   55.67138888888888
0       95.61444444444444   55.67194444444444
0       95.07694444444444   55.67277777777777
0       95.42777777777778   55.67611111111111
0       95.73833333333333   55.67972222222222
0       95.65416666666667   55.68027777777777
1       93.00305555555556             55.6925
1                 93.3825   55.69305555555555
0       95.15333333333334   55.69888888888889
1       93.29027777777777   55.71138888888889
1       96.29388888888889   55.71277777777778
0       95.67277777777778   55.72055555555556
0       95.35527777777777   55.72472222222223
0       96.22944444444444   55.73416666666667
1       96.41777777777779   55.74222222222222
0        95.8863888888889   55.75333333333333
1       96.49361111111111   55.75888888888889
0       96.18666666666667   55.78666666666666
1       96.62305555555555   55.78972222222222
0       95.56138888888889   55.79388888888889
0       95.46833333333333   55.79694444444444
0       95.34138888888889   55.80055555555555
0       95.28111111111112   55.80361111111111
1       93.28194444444445   55.80666666666666
0       96.35722222222222   55.83416666666667
0       95.23916666666666   55.84083333333334
0       96.15111111111112   55.85055555555556
0       95.87805555555555   55.86388888888889
0       93.25805555555556   55.86638888888889
0       95.41833333333334   55.86916666666666
1       93.23388888888888   55.87277777777778
0                 93.2125   55.88388888888889
0       95.32694444444444   55.89138888888889
0       96.29916666666666   55.91194444444444
0       93.27083333333333   55.93194444444444
0       95.92861111111111   55.94388888888889
0        93.1086111111111   55.94583333333333
0       93.16055555555556   55.95305555555556
0       96.17333333333333   55.95611111111111
0       89.28583333333333   55.95638888888889
0        93.4888888888889   55.96361111111111
0       96.18611111111112   55.99888888888889
0       93.26694444444445   56.00416666666667
0       89.34055555555555             56.0125
0       93.33083333333333   56.04305555555555
0       90.83694444444444   56.04333333333333
0        93.3586111111111   56.04388888888889
0        92.6613888888889   56.04499999999999
1       92.54444444444444   56.04777777777777
0       90.63527777777779   56.06416666666667
0        93.3236111111111   56.06555555555556
1        92.8461111111111   56.06888888888889
1       91.97777777777777   56.07416666666667
0       90.71638888888889   56.07527777777778
1       90.33805555555556   56.07611111111112
0       92.69694444444445   56.07638888888889
0       89.33999999999999   56.08277777777778
0       96.08583333333333   56.08777777777778
0       92.75027777777778   56.09861111111111
1       93.28277777777778   56.10194444444445
1       89.24805555555555   56.11472222222223
0       93.29583333333333   56.11555555555556
0       90.33166666666666   56.11861111111111
0                   90.43               56.12
1       92.76777777777778   56.12111111111111
0        89.5586111111111   56.12138888888889
0        90.7461111111111   56.12194444444444
0       92.38583333333334   56.12666666666667
0       93.15027777777779   56.13194444444444
0       89.35388888888889   56.13333333333333
0       92.76805555555555   56.13777777777778
0       90.67500000000001   56.13833333333334
1       92.90777777777778   56.14027777777778
0        92.5363888888889   56.14055555555556
1        93.1438888888889   56.14277777777778
0       93.27277777777778   56.14305555555556
1                  90.405              56.145
0       93.11222222222221   56.14638888888889
1       89.78083333333333   56.15333333333333
0       92.98416666666667   56.16472222222222
1       93.83305555555555   56.16527777777777
0                   90.43   56.16583333333333
0       93.23583333333333   56.16694444444444
0       89.84583333333333   56.16916666666666
2       92.67222222222223   56.17055555555555
0       89.56888888888888   56.17194444444444
0       92.87333333333332               56.18
0       89.21638888888889   56.18222222222222
0       92.89472222222223   56.18444444444444
0       90.02305555555556              56.185
1       89.80777777777777   56.19055555555556
1       92.68416666666667   56.19222222222222
0       93.34055555555555             56.1975
0       89.19666666666667   56.19944444444444
1       89.77444444444444   56.20777777777778
1       92.31861111111111   56.21472222222223
0       93.25305555555556   56.21527777777778
0       95.88611111111112   56.21666666666667
0       90.55138888888888   56.21944444444445
0                  89.295               56.22
0       96.29888888888888   56.22416666666667
1       92.98027777777779   56.22638888888889
0       96.03138888888888             56.2275
0       90.06527777777778   56.23027777777778
0       92.15027777777779   56.23055555555555
1       92.84277777777777   56.23361111111111
1       89.64916666666667   56.23472222222222
0       90.00888888888889   56.23888888888889
0       92.45722222222223   56.24083333333333
0        90.6261111111111   56.24111111111111
1       90.67888888888889   56.24194444444444
0       95.83749999999999   56.24472222222222
1        89.6211111111111             56.2525
0       92.60805555555555   56.25972222222222
0       92.95222222222222   56.26194444444445
0       89.84555555555555               56.27
0       90.25944444444444   56.27138888888889
0                   89.25   56.27527777777777
1       95.94833333333334   56.27833333333333
1       90.57472222222222   56.27861111111111
0       89.87972222222221   56.28194444444444
0       89.65694444444445   56.28361111111111
0       90.31361111111111   56.28694444444444
0       93.42222222222223   56.28888888888888
0       96.01694444444445   56.29055555555556
1       90.30888888888889   56.29111111111111
0       90.76638888888888             56.2925
0       95.90472222222223   56.29416666666666
0       96.18027777777779   56.29472222222222
1       90.83166666666666   56.29527777777778
0       90.63944444444445   56.29694444444444
0       92.60277777777777   56.30138888888889
0       89.44638888888889   56.30416666666667
0        89.4588888888889   56.30472222222222
0       92.79527777777777   56.30638888888888
0       92.76222222222222   56.30694444444444
0       96.06333333333333   56.30722222222222
0                 90.4525             56.3075
0       96.02805555555555   56.30972222222222
0       90.62222222222222   56.31055555555555
0       92.66027777777778   56.31111111111111
0                  90.525   56.31277777777778
1       90.77333333333333   56.31472222222222
0                 92.9625              56.315
0       89.32833333333333   56.31555555555556
0                  90.905   56.31777777777778
0       89.75305555555556   56.32138888888889
1       90.69666666666667              56.325
0       90.72444444444444   56.33027777777778
0       92.52777777777777   56.33111111111111
0       92.48666666666666   56.33666666666667
0       92.98111111111112   56.33805555555556
0       95.75861111111111   56.34277777777778
0       90.48666666666666   56.34555555555556
0       93.03361111111111   56.34583333333334
0       92.61694444444444   56.34666666666667
0       96.34083333333332   56.35055555555556
1       89.61611111111111   56.35166666666667
0       90.44388888888889   56.35305555555556
0        90.5736111111111   56.35583333333334
0       96.11055555555555   56.35611111111111
0       92.43833333333333   56.35972222222222
0                   92.85   56.36527777777778
0       89.79916666666666   56.36638888888889
0       92.73333333333333   56.36833333333333
0       95.99166666666667   56.36972222222222
0       89.15805555555556   56.37194444444444
0       90.00416666666666   56.37694444444445
0       92.51416666666667   56.37972222222222
0       96.24055555555556   56.38027777777778
0       89.59555555555555   56.38361111111111
0        89.2088888888889   56.38833333333334
1       90.43138888888889   56.38916666666667
0       89.90777777777778   56.38972222222222
0       90.24166666666667   56.39055555555556
0       89.34555555555555   56.39361111111111
0       90.74416666666667   56.39916666666667
0       90.96666666666667   56.40666666666667
0       95.94583333333334             56.4075
0       90.41333333333334   56.40833333333333
0       96.05972222222222   56.40861111111111
0       89.64861111111112   56.41777777777777
0       95.89916666666667   56.42666666666666
0       90.42777777777778   56.42694444444444
0       89.72944444444444   56.43055555555555
0        90.1888888888889   56.43166666666666
0       96.15833333333335   56.43194444444444
0       92.54138888888889             56.4325
0       95.78138888888888   56.44111111111111
0       92.66361111111112   56.44527777777778
0       90.14916666666667   56.44611111111111
0       90.75861111111111   56.45361111111112
0       90.06555555555555   56.45555555555556
0       90.07972222222222   56.45777777777778
0       95.89472222222223   56.45972222222223
0       96.16361111111112   56.46027777777778
0       90.46138888888889   56.46250000000001
0       92.82388888888889   56.47888888888889
0       90.29305555555555   56.48361111111111
0       92.75111111111111   56.48611111111111
0        92.5586111111111   56.48888888888889
0       90.64111111111112   56.49694444444444
0       92.40777777777778   56.50611111111111
0       90.46361111111112             56.5075
0       96.01027777777777   56.52222222222222
0       90.07888888888888               56.53
0       90.77805555555555   56.53194444444444
0       95.90277777777779   56.53472222222222
0       90.11472222222221   56.53666666666666
0       96.10527777777777   56.54277777777778
0       91.94361111111111   56.54666666666667
0       90.32805555555555   56.55333333333333
0                 90.1575   56.55472222222222
0       90.24777777777778   56.55666666666666
0                 96.2125   56.56083333333333
0       95.77888888888889             56.5625
1       92.58194444444445   56.56777777777778
0       91.97222222222223   56.57138888888889
0                    90.5   56.57305555555556
0       90.68694444444445   56.57694444444445
0       96.06222222222222             56.5775
0       95.92694444444444   56.58388888888889
0        95.4888888888889              56.595
0       95.71722222222222   56.60055555555556
0       96.33138888888888   56.61361111111111
0       95.63388888888889   56.61694444444444
0       95.37055555555555   56.61972222222222
0        96.2088888888889   56.62027777777778
1       91.00916666666667   56.62305555555555
0       91.98166666666667   56.62611111111111
0       96.16666666666667   56.62694444444445
0       95.26722222222222   56.62944444444445
0                 95.0625   56.63055555555555
1       92.64750000000001              56.645
0                  96.275   56.64583333333334
0       90.89750000000001   56.64777777777778
0       96.41111111111111             56.6525
0       90.48972222222223   56.65277777777778
0       90.57194444444444   56.65333333333333
0       95.05777777777777             56.6575
0       90.76694444444445   56.66694444444444
0                 95.8825   56.66916666666666
0       90.70833333333334   56.67305555555555
1        96.0611111111111   56.67777777777778
0        90.3761111111111   56.67944444444444
0       95.90277777777779   56.68472222222222
0       95.53999999999999   56.68611111111111
0                 95.1375   56.69194444444444
0       93.32305555555556   56.69944444444444
0       94.92361111111111   56.70694444444445
0                 90.6275   56.70722222222223
0                  96.515   56.70861111111111
0        96.2911111111111   56.71166666666667
0       95.81638888888888   56.71388888888889
0       96.21805555555555   56.71527777777778
0        95.3086111111111   56.71638888888889
0       95.43305555555555   56.72277777777778
0       96.03222222222222   56.72305555555555
0       93.13694444444445   56.72388888888889
1       96.11138888888888   56.72833333333333
0       95.86972222222222   56.73166666666667
1       94.78777777777778   56.73194444444444
0       96.01944444444445   56.73527777777778
0       95.84166666666667   56.74333333333333
0       95.55583333333333   56.74388888888889
0       90.64722222222223   56.74555555555555
0       96.80472222222222             56.7475
0       90.43083333333334   56.74777777777778
0       95.36222222222221   56.75138888888889
0       92.97888888888889   56.75277777777778
0       93.26916666666666   56.75583333333334
0       92.75083333333333   56.76027777777778
0       90.90527777777778   56.76361111111111
0       96.32305555555556   56.77055555555555
0       90.50527777777778   56.77361111111111
0       96.17222222222223   56.77388888888889
0       95.95166666666667              56.775
0       95.32027777777778   56.77972222222222
0       93.10694444444444   56.78027777777778
0       91.13972222222223   56.78416666666666
0       96.15916666666668   56.78583333333333
0       95.81444444444445   56.79055555555556
0       90.84277777777777             56.7975
0       93.00972222222222   56.79777777777777
0       90.67111111111112   56.79972222222222
0        91.2213888888889   56.80055555555555
0        95.8611111111111   56.80194444444444
0                 95.4925   56.80388888888888
0       90.29388888888889   56.80527777777777
0       96.44944444444445   56.80777777777777
0       93.15166666666667   56.80944444444444
0       90.51472222222222   56.81305555555555
0       92.89500000000001   56.81611111111111
0       94.90027777777779   56.81722222222223
0       95.87666666666667   56.81805555555556
0       96.79916666666666   56.82472222222223
0       90.66777777777779              56.825
0       90.91805555555555   56.82944444444445
0       95.22277777777778   56.83083333333334
0       94.59055555555555   56.83388888888889
0       95.90138888888889              56.835
0       95.41666666666667   56.83916666666667
0       95.93194444444445   56.84055555555556
0       93.44361111111111             56.8425
0        90.3963888888889   56.84472222222222
0       93.32777777777777   56.84694444444445
0       95.00861111111111   56.84944444444444
0       95.09416666666667   56.85333333333333
0       96.21583333333334   56.85888888888889
0       95.31027777777777   56.85944444444445
1       96.42527777777778   56.86222222222222
0       90.65305555555557             56.8625
0       90.46194444444444   56.87166666666667
0       91.04333333333334   56.87722222222222
0                 96.2175             56.8825
0       94.78972222222222   56.88333333333333
0       93.26194444444444   56.88472222222222
1       97.38277777777778   56.88527777777778
0       90.45416666666667   56.89027777777778
0       90.92527777777778   56.89194444444444
0                   90.67   56.89277777777778
0       92.92611111111111   56.89666666666667
0       95.78138888888888   56.90055555555556
0       92.79388888888889   56.90611111111111
2       93.16638888888889   56.90694444444444
0       96.22305555555556   56.90972222222222
0       93.37833333333333   56.91222222222222
0                 91.3475             56.9175
0       95.81388888888888   56.92083333333333
1       92.78722222222223   56.92611111111111
0       90.46944444444445             56.9325
0       95.50583333333333   56.93972222222222
0       95.11611111111111   56.94222222222222
1       96.08333333333333   56.94638888888888
1       95.82111111111111   56.95027777777778
0       94.73388888888888   56.95111111111111
0       93.11916666666666   56.95166666666667
0       95.34166666666667   56.95222222222223
0       90.47583333333334   56.95555555555556
0       94.95861111111111   56.97055555555556
1       96.33472222222221   56.97305555555555
0       95.69861111111112   56.97666666666667
0       91.89861111111112   56.98305555555556
0       97.41250000000001   56.99555555555555
1        91.4786111111111   57.00305555555556
1       97.43055555555556   57.00388888888889
0       92.98555555555555   57.00861111111111
0        95.1061111111111   57.01805555555556
1                   91.47             57.0225
0       90.67611111111111   57.02694444444445
0                   92.83   57.02833333333333
0       95.55749999999999   57.03944444444444
0       92.78666666666666   57.04833333333333
0       93.13583333333334   57.04916666666666
1       96.41277777777778   57.05388888888888
0       93.31555555555555   57.05416666666667
1       91.50138888888888   57.06444444444444
1       93.43777777777778   57.06583333333333
0       93.41972222222223   57.06722222222223
0       93.58111111111111   57.07611111111112
0       91.08916666666666   57.08916666666667
0       97.12388888888889   57.09194444444444
0        93.1738888888889   57.09361111111112
1       91.47888888888889   57.09611111111111
0                  93.335   57.09972222222223
0       90.35472222222222   57.10055555555556
0       90.22916666666667   57.10833333333333
1                 97.1525   57.11388888888889
0        90.5461111111111   57.11805555555556
0                 90.2025   57.13638888888889
0       93.56666666666666   57.13861111111111
0       90.56638888888888              57.145
0       90.88055555555555             57.1525
0       93.45583333333333   57.15916666666666
0                  93.155               57.16
0       96.49472222222222   57.16472222222222
0        90.2363888888889   57.16694444444444
0       96.17555555555556              57.175
1       96.88111111111111   57.17638888888889
0       93.30527777777777   57.18777777777778
1       96.42083333333333   57.19194444444444
0       90.23555555555555   57.19888888888889
0       90.62222222222222   57.21194444444445
0       90.66222222222223   57.22111111111111
0       90.88416666666667   57.22944444444445
1       93.14416666666668   57.23722222222222
0       93.09777777777778   57.23833333333334
0       93.18916666666667   57.26416666666667
0       96.58999999999999   57.29138888888889
1       93.30694444444444   57.30361111111111
0       90.37694444444443   57.31694444444445
0        90.5213888888889               57.32
1       93.29916666666666   57.32250000000001
0        90.4063888888889   57.32888888888889
0       90.53694444444444   57.34972222222223
0       95.95277777777778   57.37833333333333
0       90.25361111111111   57.38222222222223
0       96.26916666666666   57.38777777777778
1       95.99388888888889   57.38944444444444
0       90.21027777777778   57.41777777777777
0        97.5363888888889   57.43166666666666
1       97.51805555555555   57.44472222222222
0        97.3286111111111   57.44833333333333
0       90.06722222222221   57.46944444444445
0       89.94333333333334   57.49111111111111
1       89.91861111111112   57.50694444444444
1       96.90972222222223   57.56972222222223
1       96.70055555555555   57.61833333333333
0       95.72972222222222   57.75111111111111
1        97.4213888888889   57.75222222222222
1       97.78305555555555   57.81916666666667
0       91.45722222222223   57.82722222222223
1       93.04472222222222   57.87222222222222
0       92.97694444444444   58.00555555555555
0       93.00305555555556   58.01361111111111
0       92.02083333333333   58.01888888888889
1                   92.95   58.01944444444445
1       92.93861111111111   58.04083333333333
0                   91.89   58.05277777777778
0       97.40472222222223   58.05444444444444
0       92.76416666666667   58.07027777777778
1       92.96222222222222   58.07416666666667
1       92.64361111111111   58.08333333333334
1       92.35305555555556   58.10083333333333
0       92.70055555555555               58.11
0        91.8888888888889   58.11583333333333
0       92.91555555555556   58.11972222222222
0        92.8286111111111   58.13555555555556
1                  92.625   58.16999999999999
0       91.89250000000001   58.18638888888889
0                   90.88   58.18777777777778
0       92.56416666666667   58.19638888888888
0                 90.2725   58.21444444444445
0       91.96222222222222   58.23138888888889
0       91.94916666666667   58.26805555555556
0       92.43027777777779   58.29055555555556
1       92.43805555555556   58.33888888888889
0                 92.4675   58.34361111111112
0                  91.845   58.35333333333333
0       89.01194444444444   58.36055555555556
0        92.4263888888889   58.36277777777778
1       96.94027777777778   58.37055555555555
0       92.27361111111111   58.39111111111111
0       97.09944444444444   58.39666666666667
0       98.04527777777777   58.40333333333333
1       97.44333333333334              58.405
1        97.5436111111111   58.40888888888889
0                   92.15   58.41305555555555
0       92.25333333333333   58.41444444444444
1       97.80472222222222   58.41944444444444
1       98.31527777777778   58.42388888888889
1       98.43694444444445   58.43333333333333
0                 92.3125   58.43638888888889
1       97.14722222222223             58.4375
0       91.94944444444445   58.44027777777777
0       89.47111111111111   58.45638888888889
0       92.08222222222221   58.46638888888889
0       92.10194444444444   58.48333333333333
0       92.24583333333334   58.48416666666667
1       96.26166666666667   58.49222222222222
0       96.81333333333333   58.49444444444445
1       96.15722222222223   58.50277777777778
1       96.73722222222223   58.50361111111111
0       92.12777777777777   58.50944444444445
0                   88.39   58.51694444444444
1                   92.05   58.54527777777778
0       95.85138888888888    58.5511111111111
0        92.0461111111111   58.56166666666666
1       98.62055555555555   58.58472222222223
1       98.72444444444444   58.60083333333333
0       92.06916666666666   58.68222222222222
0       92.05138888888888   58.69861111111111
0       97.20805555555556   58.80527777777777
1                 97.1975   58.86416666666667
0       91.85888888888888   58.87305555555555
0       91.76722222222222   58.98722222222222
1       91.70083333333334   59.07277777777778
0       89.09444444444443   59.09027777777778
0       91.31611111111111   59.26305555555555
0       89.00583333333333   59.30666666666666
0       90.93305555555555   59.51388888888889
1       90.81888888888888   59.57027777777778
1       90.83749999999999   59.66527777777777
1       90.08944444444444   59.80194444444444
0       90.64277777777778   59.91833333333333
1                 89.4175   60.01583333333333
0       90.57444444444444   60.03555555555555
1       90.48916666666666   60.16194444444444
0       90.22194444444445              60.245
0       88.36305555555555   60.34861111111111
0       90.07583333333334   60.40833333333333
0       92.83166666666666               53.27
0       92.70694444444445   53.34972222222223
0       93.11777777777777   53.35416666666667
0       92.99972222222222   53.36083333333333
0       93.24055555555556   53.36833333333333
0       92.77777777777777   53.37666666666667
0       92.93388888888889   53.40305555555555
0       93.20222222222222   53.44055555555556
0       92.52888888888889   53.46027777777778
0                   92.97   53.48722222222222
0       92.66416666666667   53.49166666666667
0       92.16555555555556             53.4925
0       91.79388888888889   53.52055555555555
0       92.72555555555556   53.53361111111111
0                 93.0825   53.53472222222222
0       91.91111111111111   53.53555555555555
0       92.64611111111111   53.54083333333333
1       92.03111111111112   53.54777777777777
0       92.56666666666666   53.56055555555555
0       91.65166666666667   53.56277777777778
0       92.12916666666666   53.57361111111111
0       92.76333333333334   53.58888888888889
1        91.9213888888889   53.59138888888889
0       92.41833333333334   53.59388888888889
0       92.69416666666667   53.60722222222223
0       92.03416666666666   53.62972222222222
0       92.78694444444444   53.64805555555556
0       92.89583333333334   53.65111111111111
0       91.84416666666667   53.65777777777777
0       92.13361111111112   53.66638888888889
0       92.05333333333333   53.69111111111111
0       91.61166666666666   53.69222222222222
0       92.34638888888888   53.69694444444444
0       92.59083333333332   53.71194444444445
0       92.30638888888889   53.71416666666667
0        91.5936111111111   53.72444444444444
0       91.78944444444444   53.72916666666667
0       93.19777777777779   53.73277777777778
0       92.81611111111111   53.73916666666667
0       92.43333333333334               53.75
0       92.91222222222223   53.76138888888889
0        92.2063888888889   53.76527777777778
1       93.90222222222222   53.77138888888889
0       93.49277777777777   53.77166666666667
0                 91.4875   53.77305555555555
0       92.10833333333333   53.77722222222222
0       93.19583333333334   53.78305555555556
0       93.50444444444445   53.79194444444444
0       92.22222222222223   53.80833333333333
0       92.44444444444444   53.81527777777777
0                    92.5   53.81666666666667
1       92.56361111111111   53.82277777777778
0       92.59777777777778   53.83833333333334
0       93.76666666666667   53.84361111111112
1       92.84944444444444   53.84583333333334
0       92.45055555555555   53.85138888888889
1       92.57527777777777   53.86527777777778
0       93.11194444444443   53.86555555555556
0       92.17777777777778   53.86611111111111
0       91.79666666666667               53.87
1       92.78583333333333   53.87805555555556
0       93.73555555555555   53.88055555555555
0                  93.655   53.89722222222222
0                   92.15             53.9025
0       93.16472222222222   53.90361111111111
0       91.80194444444444   53.92333333333333
0       93.51666666666667              53.925
0                   91.68   53.93222222222222
0       92.80388888888889   53.93388888888889
0       93.33555555555554   53.96277777777778
0       91.94583333333334   53.96666666666667
1       94.03694444444444   53.96861111111112
1       92.90666666666667   53.97472222222223
0       91.64750000000001   53.97972222222222
0       92.32972222222222   53.98083333333334
0       92.91666666666667   53.99055555555556
1       92.47444444444444   54.00027777777778
1       92.56472222222222   54.00972222222222
0       92.59138888888889   54.01888888888889
0       92.81388888888888   54.04111111111111
0       92.22944444444444   54.04916666666666
1       92.38527777777779   54.05305555555555
0       92.03805555555556   54.05972222222222
0       93.10111111111111   54.06972222222223
0       91.85166666666666   54.07361111111111
2       92.93055555555556   54.07694444444445
0       92.03222222222222   54.07805555555556
1       92.45111111111112   54.09055555555556
0       91.66333333333334   54.09277777777778
0       93.26944444444445   54.09583333333334
1       92.53666666666666   54.10972222222222
0                    92.6   54.11583333333333
0       92.27527777777777   54.12333333333333
0       92.78194444444445   54.12527777777778
0       92.11166666666666   54.13666666666666
0       93.26083333333334   54.13944444444444
0       91.88305555555554   54.15166666666666
0                 93.2625   54.15944444444445
1       93.25222222222222   54.16083333333333
0       91.77972222222222   54.17138888888888
0       92.03444444444445   54.17583333333333
1       92.60055555555554             54.1875
0       91.57638888888889   54.19305555555555
0       92.81666666666666   54.21777777777778
0       91.89444444444445   54.29277777777778
2       93.37388888888889              54.305
1                  93.265   54.31555555555556
2       93.25944444444444   54.33388888888889
2       93.43333333333334               54.35
0       91.67444444444445             54.3875
1        93.5961111111111   54.39777777777778
0       91.62055555555555   54.43583333333333
0       91.70111111111112   54.49333333333333
0                  91.545             54.5025
0       93.44277777777778   54.53611111111111
0                  91.325   54.54638888888888
0        91.6086111111111   54.58388888888889
0       91.36194444444443   54.61888888888889
0       91.77666666666667   54.62833333333333
0       91.60722222222222   54.65527777777778
0        93.3561111111111   54.67166666666667
0       91.70833333333334   54.67833333333333
1       91.09222222222222   54.74277777777778
1       90.98222222222222   54.75027777777778
1       91.07972222222222   54.81055555555555
0       91.18444444444445   54.81694444444445
0       93.68055555555556   54.85027777777778
1       91.05611111111111   54.87027777777778
1       91.16277777777778   54.89333333333333
1       90.99444444444444   54.90138888888889
0       91.31138888888889   54.90166666666666
0       91.41944444444445   54.91027777777778
1       90.84833333333333   54.92277777777777
0       91.27416666666666   54.92888888888888
1       90.59055555555555   54.95416666666667
1       90.75833333333334   54.96972222222222
0       93.93055555555556   54.97305555555555
1                 91.2075   55.01083333333333
1       91.36083333333333   55.03861111111111
0       90.83916666666666   55.09027777777778
1       91.26805555555555   55.09444444444445
1                  93.495                55.1
0       90.76861111111111   55.10722222222223
0       93.79583333333333   55.10944444444445
0       90.99444444444444   55.11055555555556
0       90.86361111111111   55.11972222222222
1       93.38833333333334   55.12611111111111
0       91.03305555555555   55.13333333333333
0       90.68111111111112   55.14305555555556
1       91.54305555555555   55.14861111111111
0       91.04777777777778   55.15888888888889
0                 90.7525               55.16
1       93.50416666666666   55.16361111111111
1       91.31444444444445   55.18083333333333
0       94.49638888888889   55.18555555555555
1       91.21083333333334   55.18944444444444
0                  93.755   55.20388888888889
1       91.53916666666666   55.20472222222222
0       94.41833333333334   55.25111111111111
1       91.39916666666667   55.25194444444445
0       93.52666666666667   55.25722222222223
0       94.49527777777777   55.26111111111111
0       94.22611111111111   55.27361111111111
0                 94.3275   55.28055555555555
0       94.55916666666667   55.28722222222222
0       94.24361111111111   55.29444444444444
0       94.44666666666667   55.31638888888889
0       94.00555555555556   55.34027777777778
0                 94.3325   55.38638888888889
0       94.19805555555556   55.39027777777778
0       93.86611111111111   55.40166666666666
0       94.54888888888888   55.41611111111111
1       93.38833333333334   55.42138888888888
0       94.04722222222222              55.435
0        94.3888888888889               55.46
0       94.08805555555556   55.46555555555556
0       94.63611111111112   55.48111111111111
0       94.56722222222221   55.48888888888889
0       93.60333333333332             55.4975
0                    94.4                55.5
0       94.49416666666667   55.50055555555556
0       93.77277777777778   55.51694444444444
0       94.62555555555555               55.53
0       94.06777777777778   55.53638888888889
0       93.86277777777777   55.53666666666666
0       94.73527777777778   55.53888888888888
0       94.28833333333333   55.54611111111111
2                 94.7075   55.55055555555555
1       94.11999999999999   55.56027777777778
0       93.77583333333334   55.56472222222222
0        94.8236111111111   55.57722222222223
0       93.85527777777777             55.5775
1       94.95583333333333   55.58083333333334
0       93.94527777777778   55.58722222222222
0       90.63277777777778   55.58944444444445
0       94.73416666666667   55.59666666666667
1       90.37944444444443   55.62222222222222
0       94.00027777777778   55.62361111111111
0       90.58222222222221   55.63305555555556
0       93.77416666666666             55.6375
1       90.25527777777778   55.63972222222222
0       93.61805555555554   55.65555555555555
0       94.94888888888889   55.65611111111111
0       94.74666666666667             55.6725
0                 93.7875              55.675
0       90.03555555555555   55.67749999999999
0       89.84472222222222   55.67972222222222
0        90.4863888888889   55.68694444444444
0        93.5436111111111   55.68861111111111
0       90.28999999999999   55.68972222222222
1       90.42500000000001   55.70027777777778
1       90.03833333333333   55.70166666666667
0                  90.765   55.70222222222223
0       94.94888888888889             55.7075
0       94.77027777777778   55.70861111111111
0       93.91805555555555   55.71361111111111
0       93.76222222222222   55.71861111111112
0       90.08805555555556   55.71916666666667
1       90.01722222222222   55.72305555555555
1       89.84666666666666   55.72722222222222
0       90.79444444444444   55.73444444444444
0       90.13861111111112   55.73666666666666
0                 90.3625   55.74722222222222
0       90.87666666666667   55.75805555555556
0       90.69083333333333   55.75888888888889
0        95.1613888888889   55.76055555555556
1       93.82333333333332   55.76305555555555
0       89.89250000000001   55.77444444444444
1       90.13833333333334   55.77472222222222
0       89.97194444444445   55.77722222222222
0       94.91027777777778   55.77777777777778
0        94.7961111111111   55.78111111111111
0       93.61166666666666   55.78388888888889
0       90.27888888888889   55.78666666666666
0       93.71805555555555   55.78694444444444
1       90.19777777777779   55.78722222222222
0       90.53805555555556   55.79222222222222
0       90.40472222222223   55.79416666666666
0       95.79138888888889   55.79499999999999
0       91.09722222222221   55.79611111111111
0       90.05166666666666   55.79833333333333
0        93.7213888888889   55.79861111111111
0       90.65833333333335   55.80361111111111
0       95.02527777777777             55.8075
0       94.60583333333332   55.80944444444444
0       90.14777777777779   55.81666666666667
0       93.48527777777778   55.82583333333334
0       90.88722222222223   55.83055555555556
0       95.03194444444445   55.83222222222223
0       90.04916666666666   55.83555555555556
0       91.00555555555556   55.83944444444445
0       90.06027777777777   55.84916666666667
0       93.47805555555556   55.85583333333334
1       93.66777777777779   55.85805555555556
0       94.76083333333334   55.85861111111111
1       90.20555555555556   55.86083333333333
0       95.83583333333333   55.86166666666666
0       95.61999999999999   55.86555555555556
0       94.72583333333334   55.87083333333334
0       94.79972222222221   55.87194444444444
0       96.51694444444445              55.875
0       89.86666666666666   55.87555555555556
0       91.10527777777777   55.87638888888889
0       94.66888888888889               55.88
0       96.59277777777777             55.8825
0       90.53916666666666   55.88666666666666
0       93.82666666666667   55.88888888888889
1       93.59694444444445   55.89194444444444
0       95.10972222222222   55.89277777777778
1       89.94611111111111   55.89361111111111
0        91.0411111111111   55.89388888888889
1       90.05611111111111   55.89527777777778
0                 89.7625   55.89722222222222
0        94.6888888888889   55.90416666666667
0       90.21027777777778   55.90444444444444
0       95.84194444444444   55.90472222222222
1       94.75111111111111   55.90638888888888
1       95.53027777777778   55.91222222222222
0       90.28444444444445   55.91611111111111
0       90.71583333333334   55.92333333333333
0       94.50833333333334   55.92416666666666
2        94.7911111111111   55.92694444444444
0       93.79916666666666   55.92777777777778
1       90.44055555555556   55.93055555555555
0       90.03777777777778             55.9375
0       94.97361111111111   55.94499999999999
0       95.18027777777779   55.94888888888889
0       93.58416666666666   55.95083333333334
0       94.89416666666668   55.95277777777778
0       96.43777777777778   55.95305555555556
0       90.88611111111112   55.95472222222222
1       90.18444444444445   55.96083333333333
0                 94.9975   55.96944444444445
0       89.83777777777777   55.97027777777778
0       95.35694444444444   55.97055555555556
1       91.55888888888889   55.97277777777778
0       91.24083333333333   55.98388888888889
0       91.05111111111111   55.98805555555555
0       89.67500000000001   55.99111111111111
0       94.55694444444444             55.9925
0                   90.67   55.99861111111111
0       94.97361111111111   56.00527777777778
0        95.2038888888889   56.00694444444444
0                 94.9975   56.00777777777778
0       90.76027777777777   56.00833333333333
0       95.15277777777779   56.00944444444445
0       94.50416666666666   56.01027777777778
0                    96.5   56.01416666666667
0       90.52361111111111   56.01805555555556
0       89.86361111111111             56.0225
0       96.50444444444445   56.02333333333333
0       95.48194444444445   56.02666666666666
0       94.66472222222222   56.03277777777777
0       90.28472222222221   56.03388888888889
0       95.27638888888889   56.03944444444444
1        91.7238888888889   56.04333333333333
0        91.1286111111111   56.04694444444444
0       96.57527777777777   56.04777777777777
0       95.09972222222221   56.04888888888889
1       95.57694444444444   56.05166666666666
0       94.52805555555555   56.05305555555555
0       96.35444444444444             56.0575
0       96.58888888888889   56.05777777777777
0       90.06305555555555   56.06027777777778
1       95.48444444444445   56.06083333333333
0       95.16527777777779   56.06138888888889
0       90.24916666666667   56.06194444444444
0       95.86527777777778   56.06361111111111
1                  91.765   56.06805555555556
0                 91.2825   56.07027777777778
0       91.21388888888889   56.07055555555556
0       94.50694444444444   56.07138888888889
1       91.69500000000001   56.07250000000001
1       96.73611111111111   56.07361111111111
1       91.86777777777777   56.07611111111112
0                   90.47   56.07722222222223
0       96.62305555555555   56.08527777777778
1       97.24805555555555   56.08944444444445
0       94.94222222222223   56.09083333333334
0       91.71222222222222   56.09444444444445
1       95.59527777777777   56.10555555555555
0       95.82055555555556   56.10666666666667
1       95.04416666666667   56.10916666666667
1       95.33388888888888   56.11388888888889
0       95.42972222222222   56.11583333333333
0       91.47444444444444   56.11638888888889
1       97.37527777777777   56.12222222222222
0       96.84805555555555   56.12944444444445
0       95.23444444444445   56.13111111111111
0       94.94500000000001   56.13305555555556
1       91.62694444444443   56.13472222222222
0       95.72694444444444   56.13638888888889
0       97.05527777777777   56.13666666666666
1       97.04888888888888               56.14
1       96.91333333333334   56.14055555555556
0       91.37083333333332   56.14527777777778
1       91.25666666666666   56.14888888888889
0       91.30833333333334   56.15333333333333
1       91.41722222222222   56.15833333333333
1       95.76972222222223   56.16166666666666
0       94.89666666666668             56.1625
0       96.39527777777778   56.16472222222222
0       95.47888888888889   56.16555555555556
1       96.71361111111112   56.17333333333333
0       96.59333333333333   56.17805555555555
1       95.57111111111111   56.18083333333333
0        96.6388888888889   56.18694444444444
0       91.59222222222222   56.18722222222222
1       91.27833333333334   56.18805555555555
1       91.65611111111112   56.18833333333333
0       95.03444444444445   56.18861111111111
0       95.32972222222222   56.19916666666666
1       95.36944444444444   56.19972222222222
1       91.25222222222222   56.20027777777778
0       95.45472222222223   56.20083333333334
1       95.43583333333333   56.20194444444445
0                  91.335   56.20666666666667
0       96.43305555555555   56.20833333333334
0       95.58333333333333   56.21027777777778
